15
0.02042 0.05616 0.00387 0.00143 0.04025 0.06080 0.05691 0.07226 -0.03254 0.02193 0.05286 0.03138 0.05767 0.02016 0.05371 
0.01224 0.06868 0.02521 0.01479 0.09346 -0.04806 0.01986 0.02090 -0.05589 0.06743 0.02440 0.06530 0.02491 0.01383 0.01188 
0.06062 0.00792 -0.00745 0.09960 0.00749 -0.04705 0.00830 0.01022 -0.08472 0.02287 0.01010 -0.00740 -0.01470 -0.00981 0.00304 
0.03541 0.00371 0.02389 -0.00949 0.00973 0.03321 0.01529 -0.02318 0.02027 -0.00438 0.01865 0.01289 0.01565 0.00675 -0.01429 
0.02368 0.01335 0.00340 0.01657 0.10845 0.00281 0.00946 -0.00647 0.03457 -0.07358 -0.05255 -0.08625 0.00174 0.04111 0.00369 
0.01536 0.10242 -0.00852 -0.02495 0.07259 0.05416 0.00553 -0.01257 0.08360 0.00350 0.02954 0.01114 -0.02024 0.00216 0.06466 
0.02343 -0.09300 0.03443 0.04230 -0.10914 0.06382 0.00062 -0.02937 -0.00044 0.00205 0.02357 0.04336 0.01537 0.06452 0.00361 
0.05982 0.00680 0.02897 0.03890 0.01707 0.02898 -0.04758 0.00163 0.00628 0.02150 0.02397 0.01770 -0.02421 -0.07518 0.11419 
-0.01451 -0.01482 0.05569 0.04952 0.08959 0.02928 0.00770 0.04654 0.02717 0.04311 0.02237 0.01204 0.02362 0.00508 0.05098 
0.01907 -0.01105 0.00691 0.06356 0.03913 0.01868 0.01452 0.06206 0.00766 0.08013 0.07119 0.05111 0.04246 0.05267 0.05520 
0.02416 -0.04876 -0.05271 0.09679 0.04221 -0.10012 0.00775 -0.09267 0.01031 0.00051 -0.05589 0.00573 -0.00731 0.00728 0.00243 
0.01572 -0.12808 0.11628 0.00595 0.03309 0.03518 0.04200 0.01717 0.00242 0.05857 0.01892 0.02175 0.03274 0.01848 0.00069 
-0.03525 -0.02682 0.09157 -0.02682 0.04815 0.06527 0.00989 0.01490 0.01871 0.00440 0.05168 0.00837 0.05629 0.02285 0.00294 
0.03424 0.00999 0.01421 0.06607 0.01629 0.00039 0.04453 0.05134 0.01985 0.07022 0.07140 -0.00208 0.12283 0.00204 0.03447 
-0.01040 0.01439 0.03362 0.01409 -0.00166 0.00417 0.04837 0.01295 0.09845 0.02438 0.07266 0.05787 0.06224 0.00949 0.00210 

-1.05988 2.96227 5.31999 6.71349 6.98830 -0.56780 9.24160 0.42692 4.06611 0.67632 2.28655 2.07001 2.89255 4.90871 4.93166 